0	0	0
7.5e-005	0.0225	4.5
0.0006	0.09	9
0.002025	0.2025	13.5
0.0048	0.36	18
0.009375	0.5625	22.5
0.0162	0.81	27
0.025725	1.1025	31.5
0.0384	1.44	36
0.054675	1.8225	40.5
0.075	2.25	45
0.099825	2.7225	49.5
0.1296	3.24	54
0.164775	3.8025	58.5
0.2058	4.41	63
0.253125	5.0625	67.5
0.3072	5.76	72
0.368475	6.5025	76.5
0.4374	7.29	81
0.514425	8.1225	85.5
0.6	9	90
0.694575	9.9225	94.5
0.7986	10.89	99
0.912525	11.9025	103.5
1.0368	12.96	108
1.17188	14.0625	112.5
1.3182	15.21	117
1.47623	16.4025	121.5
1.6464	17.64	126
1.82917	18.9225	130.5
2.025	20.25	135
2.23432	21.6225	139.5
2.4576	23.04	144
2.69527	24.5025	148.5
2.94778	26	150
3.21528	27.5	150
3.49778	29	150
3.79527	30.5	150
4.10777	32	150
4.43527	33.5	150
4.77777	35	150
5.13527	36.5	150
5.50777	38	150
5.89527	39.5	150
6.29777	41	150
6.71527	42.5	150
7.14777	44	150
7.59527	45.5	150
8.05777	47	150
8.53527	48.5	150
9.02777	50	150
9.53527	51.5	150
10.0578	53	150
10.5953	54.5	150
11.1478	56	150
11.7153	57.5	150
12.2978	59	150
12.8953	60.5	150
13.5078	62	150
14.1353	63.5	150
14.7778	65	150
15.4353	66.5	150
16.1078	68	150
16.7953	69.5	150
17.4978	71	150
18.2153	72.5	150
18.9478	73.9999	150
19.6952	75.4975	148.5
20.4576	76.9599	144
21.2343	78.3774	139.5
22.025	79.75	135
22.8291	81.0775	130.5
23.6464	82.36	126
24.4762	83.5975	121.5
25.3182	84.79	117
26.1718	85.9375	112.5
27.0368	87.04	108
27.9125	88.0975	103.5
28.7986	89.11	99.0002
29.6945	90.0775	94.5002
30.6	91	90.0002
31.5144	91.8775	85.5002
32.4374	92.71	81.0002
33.3684	93.4975	76.5002
34.3072	94.24	72.0002
35.2531	94.9375	67.5002
36.2057	95.59	63.0002
37.1647	96.1975	58.5002
38.1295	96.76	54.0002
39.0998	97.2775	49.5002
40.0749	97.75	45.0003
41.0546	98.1775	40.5003
42.0383	98.56	36.0003
43.0257	98.8975	31.5003
44.0161	99.19	27.0003
45.0093	99.4375	22.5003
46.0047	99.64	18.0003
47.002	99.7975	13.5003
48.0005	99.91	9.00029
49	99.9775	4.50029
49.9999	100	0.000295043
50.9999	99.9775	-4.49973
51.9993	99.91	-8.99972
52.9979	99.7975	-13.4997
53.9951	99.64	-17.9997
54.9906	99.4375	-22.4997
55.9837	99.19	-26.9997
56.9742	98.8975	-31.4997
57.9615	98.56	-35.9997
58.9453	98.1775	-40.4997
59.9249	97.75	-44.9997
60.9001	97.2775	-49.4997
61.8703	96.76	-53.9997
62.8352	96.1975	-58.4997
63.7941	95.59	-62.9997
64.7468	94.9376	-67.4997
65.6927	94.2401	-71.9997
66.6315	93.4976	-76.4997
67.5625	92.7101	-80.9996
68.4855	91.8776	-85.4996
69.3999	91.0001	-89.9996
70.3054	90.0776	-94.4996
71.2013	89.1101	-98.9996
72.0874	88.0976	-103.5
72.9631	87.0401	-108
73.8281	85.9376	-112.5
74.6817	84.7901	-117
75.5237	83.5976	-121.5
76.3535	82.3601	-126
77.1708	81.0776	-130.5
77.9749	79.7501	-135
78.7656	78.3776	-139.5
79.5423	76.9601	-144
80.3047	75.4976	-148.5
81.0522	74.0001	-150
81.7847	72.5001	-150
82.5022	71.0001	-150
83.2047	69.5001	-150
83.8922	68.0001	-150
84.5647	66.5001	-150
85.2222	65.0001	-150
85.8647	63.5001	-150
86.4922	62.0001	-150
87.1047	60.5001	-150
87.7022	59.0002	-150
88.2847	57.5002	-150
88.8522	56.0002	-150
89.4047	54.5002	-150
89.9422	53.0002	-150
90.4647	51.5002	-150
90.9722	50.0002	-150
91.4647	48.5002	-150
91.9422	47.0002	-150
92.4047	45.5002	-150
92.8522	44.0002	-150
93.2847	42.5002	-150
93.7022	41.0002	-150
94.1047	39.5002	-150
94.4922	38.0002	-150
94.8647	36.5002	-150
95.2222	35.0002	-150
95.5647	33.5002	-150
95.8922	32.0002	-150
96.2047	30.5002	-150
96.5022	29.0002	-150
96.7847	27.5002	-150
97.0522	26.0002	-150
97.3047	24.5027	-148.501
97.5424	23.0402	-144.001
97.7656	21.6227	-139.501
97.975	20.2502	-135.001
98.1708	18.9227	-130.501
98.3536	17.6402	-126.001
98.5238	16.4027	-121.501
98.6818	15.2102	-117.001
98.8281	14.0626	-112.501
98.9632	12.9601	-108.001
99.0875	11.9026	-103.501
99.2014	10.8901	-99.0006
99.3054	9.92263	-94.5006
99.4	9.00012	-90.0006
99.4856	8.12262	-85.5006
99.5626	7.29011	-81.0006
99.6315	6.50261	-76.5006
99.6928	5.7601	-72.0006
99.7469	5.06259	-67.5006
99.7942	4.41009	-63.0006
99.8352	3.80258	-58.5006
99.8704	3.24008	-54.0006
99.9002	2.72257	-49.5006
99.925	2.25007	-45.0007
99.9453	1.82256	-40.5007
99.9616	1.44005	-36.0007
99.9743	1.10255	-31.5007
99.9838	0.81004	-27.0007
99.9906	0.562534	-22.5007
99.9952	0.360027	-18.0007
99.998	0.202521	-13.5007
99.9994	0.0900138	-9.00069
99.9999	0.0225069	-4.50069
100	5.40368e-010	-0.000697374
100	0	-0
100	0	0
100	0.015	3
100	0.06	6
100.001	0.135	9
100.003	0.24	12
100.006	0.375	15
100.011	0.54	18
100.017	0.735	21
100.026	0.96	24
100.036	1.215	27
100.05	1.5	30
100.067	1.815	33
100.086	2.16	36
100.11	2.535	39
100.137	2.94	42
100.169	3.375	45
100.205	3.84	48
100.246	4.335	51
100.292	4.86	54
100.343	5.415	57
100.4	6	60
100.463	6.615	63
100.532	7.26	66
100.608	7.935	69
100.691	8.64	72
100.781	9.375	75
100.879	10.14	78
100.984	10.935	81
101.098	11.76	84
101.219	12.615	87
101.35	13.5	90
101.49	14.415	93
101.638	15.36	96
101.797	16.335	99
101.965	17.34	102
102.144	18.375	105
102.333	19.44	108
102.533	20.535	111
102.744	21.66	114
102.966	22.815	117
103.2	24	120
103.446	25.215	123
103.704	26.46	126
103.975	27.735	129
104.259	29.04	132
104.556	30.375	135
104.867	31.74	138
105.191	33.135	141
105.53	34.56	144
105.882	36.015	147
106.25	37.5	150
106.632	39	150
107.03	40.5	150
107.442	42	150
107.87	43.5	150
108.312	45	150
108.77	46.5	150
109.242	48	150
109.73	49.5	150
110.232	51	150
110.75	52.5	150
111.282	54	150
111.83	55.5	150
112.392	57	150
112.97	58.5	150
113.562	60	150
114.17	61.5	150
114.792	63	150
115.43	64.4999	150
116.082	65.9999	150
116.75	67.4999	150
117.432	68.9999	150
118.13	70.4999	150
118.842	71.9999	150
119.57	73.4999	150
120.312	74.9999	150
121.07	76.4999	150
121.842	77.9999	150
122.63	79.4999	150
123.432	80.9999	150
124.25	82.4999	150
125.082	83.9999	150
125.93	85.4999	150
126.792	86.9999	150
127.67	88.4999	150
128.562	89.9999	150
129.47	91.4999	150
130.392	92.9999	150
131.33	94.4999	150
132.282	95.9999	150
133.25	97.4999	150
134.232	98.9999	150
135.23	100.5	150
136.242	102	150
137.27	103.5	150
138.312	105	150
139.37	106.5	150
140.442	108	150
141.53	109.5	150
142.632	111	150
143.75	112.5	150
144.882	113.985	147
146.03	115.44	144
147.191	116.865	141
148.367	118.26	138
149.556	119.625	135
150.759	120.96	132
151.975	122.265	129
153.204	123.54	126
154.446	124.785	123
155.7	126	120
156.966	127.185	117
158.244	128.34	114
159.533	129.465	111
160.833	130.56	108
162.144	131.625	105
163.465	132.66	102
164.797	133.665	99.0002
166.138	134.64	96.0002
167.489	135.585	93.0002
168.85	136.5	90.0002
170.219	137.385	87.0002
171.598	138.24	84.0002
172.984	139.065	81.0002
174.379	139.86	78.0002
175.781	140.625	75.0003
177.191	141.36	72.0003
178.608	142.065	69.0003
180.032	142.74	66.0003
181.463	143.385	63.0003
182.9	144	60.0003
184.343	144.585	57.0003
185.791	145.14	54.0003
187.246	145.665	51.0003
188.705	146.16	48.0003
190.169	146.625	45.0003
191.637	147.06	42.0003
193.11	147.465	39.0003
194.586	147.84	36.0003
196.066	148.185	33.0003
197.55	148.5	30.0003
199.036	148.785	27.0003
200.525	149.04	24.0003
202.017	149.265	21.0003
203.511	149.46	18.0003
205.006	149.625	15.0003
206.503	149.76	12.0003
208.001	149.865	9.00031
209.5	149.94	6.00032
211	149.985	3.00032
212.5	150	0.000321865
214	150	0
215.5	150	0
217	150	0
218.5	150	0
220	150	0
221.5	150	0
223	150	0
224.5	150	0
226	150	0
227.5	150	0
229	150	0
230.5	150	0
232	150	0
233.5	150	0
235	150	0
236.5	150	0
238	150	0
239.5	150	0
241	150	0
242.5	150	0
244	150	0
245.5	150	0
247	150	0
248.5	150	0
250	150	0
251.5	150	0
253	150	0
254.5	150	0
256	150	0
257.5	150	0
259	150	0
260.5	150	0
262	150	0
263.5	150	0
265	150	0
266.5	150	0
268	150	0
269.5	150	0
271	150	0
272.5	150	0
274	150	0
275.5	150	0
277	150	0
278.5	150	0
280	150	0
281.5	150	0
283	150	0
284.5	150	0
286	150	0
287.5	150	0
289	150	0
290.5	150	0
292	150	0
293.5	150	0
295	150	0
296.5	150	0
298	150	0
299.5	150	0
301	150	-0
302.5	150	-0
304	150	-0
305.5	150	-0
307	150	-0
308.5	150	-0
310	150	-0
311.5	150	-0
313	150	-0
314.5	150	-0
316	150	-0
317.5	150	-0
319	150	-0
320.5	150	-0
322	150	-0
323.5	150	-0
325	150	-0
326.5	150	-0
328	150	-0
329.5	150	-0
331	150	-0
332.5	150	-0
334	150	-0
335.5	150	-0
337	150	-0
338.5	150	-0
340	150	-0
341.5	150	-0
343	150	-0
344.5	150	-0
346	150	-0
347.5	150	-0
349	150	-0
350.5	150	-0
352	150	-0
353.5	150	-0
355	150	-0
356.5	150	-0
358	150	-0
359.5	150	-0
361	150	-0
362.5	150	-0
364	150	-0
365.5	150	-0
367	150	-0
368.5	150	-0
370	150	-0
371.5	150	-0
373	150	-0
374.5	150	-0
376	150	-0
377.5	150	-0
379	150	-0
380.5	150	-0
382	150	-0
383.5	150	-0
385	150	-0
386.5	150	-0
388	149.998	-0.999427
389.5	149.973	-3.99942
390.999	149.918	-6.99942
392.498	149.833	-9.99942
393.996	149.718	-12.9994
395.492	149.573	-15.9994
396.987	149.398	-18.9994
398.48	149.193	-21.9994
399.971	148.958	-24.9994
401.459	148.693	-27.9994
402.945	148.398	-30.9994
404.427	148.073	-33.9994
405.906	147.718	-36.9994
407.381	147.333	-39.9994
408.852	146.918	-42.9994
410.319	146.473	-45.9994
411.782	145.998	-48.9994
413.239	145.493	-51.9994
414.692	144.958	-54.9994
416.138	144.393	-57.9994
417.579	143.798	-60.9994
419.014	143.173	-63.9994
420.443	142.518	-66.9994
421.865	141.833	-69.9994
423.279	141.118	-72.9994
424.687	140.374	-75.9994
426.087	139.599	-78.9994
427.479	138.794	-81.9994
428.862	137.959	-84.9993
430.238	137.094	-87.9993
431.604	136.199	-90.9993
432.962	135.274	-93.9993
434.31	134.319	-96.9993
435.648	133.334	-99.9993
436.976	132.319	-102.999
438.294	131.274	-105.999
439.602	130.199	-108.999
440.898	129.094	-111.999
442.183	127.959	-114.999
443.457	126.794	-117.999
444.719	125.599	-120.999
445.969	124.374	-123.999
447.206	123.119	-126.999
448.431	121.834	-129.999
449.643	120.519	-132.999
450.841	119.174	-135.999
452.026	117.799	-138.999
453.197	116.394	-141.999
454.354	114.959	-144.999
455.496	113.494	-147.999
456.624	112	-150
457.736	110.5	-150
458.834	109	-150
459.916	107.5	-150
460.984	106	-150
462.036	104.5	-150
463.074	103	-150
464.096	101.5	-150
465.104	100	-150
466.096	98.5004	-150
467.074	97.0004	-150
468.036	95.5004	-150
468.984	94.0004	-150
469.916	92.5004	-150
470.834	91.0004	-150
471.736	89.5004	-150
472.624	88.0004	-150
473.496	86.5004	-150
474.354	85.0004	-150
475.196	83.5004	-150
476.024	82.0004	-150
476.836	80.5004	-150
477.634	79.0004	-150
478.416	77.5004	-150
479.184	76.0004	-150
479.936	74.5004	-150
480.674	73.0004	-150
481.396	71.5004	-150
482.104	70.0004	-150
482.796	68.5004	-150
483.474	67.0004	-150
484.137	65.5004	-150
484.784	64.0004	-150
485.417	62.5004	-150
486.034	61.0004	-150
486.637	59.5004	-150
487.224	58.0004	-150
487.797	56.5004	-150
488.354	55.0004	-150
488.897	53.5004	-150
489.424	52.0004	-150
489.937	50.5004	-150
490.434	49.0004	-150
490.917	47.5004	-150
491.384	46.0004	-150
491.837	44.5004	-150
492.274	43.0004	-150
492.697	41.5004	-150
493.104	40.0004	-150
493.497	38.5004	-150
493.874	37.0021	-149.001
494.237	35.5271	-146.001
494.585	34.0821	-143.001
494.918	32.6671	-140.001
495.238	31.2821	-137.001
495.544	29.9271	-134.001
495.837	28.602	-131.001
496.116	27.307	-128.001
496.383	26.042	-125.001
496.637	24.807	-122.001
496.879	23.602	-119.001
497.109	22.427	-116.001
497.328	21.282	-113.001
497.535	20.167	-110.001
497.731	19.082	-107.001
497.917	18.027	-104.001
498.092	17.002	-101.001
498.257	16.007	-98.0009
498.412	15.042	-95.0009
498.558	14.1069	-92.0009
498.694	13.2019	-89.0009
498.822	12.3269	-86.0009
498.941	11.4819	-83.0009
499.052	10.6669	-80.0009
499.155	9.8819	-77.0009
499.25	9.1269	-74.0009
499.337	8.40189	-71.0009
499.418	7.70688	-68.0009
499.491	7.04187	-65.0009
499.559	6.40686	-62.0009
499.62	5.80185	-59.0009
499.675	5.22684	-56.0009
499.724	4.68183	-53.0009
499.768	4.16683	-50.001
499.808	3.68181	-47.0009
499.842	3.22679	-44.0008
499.872	2.80177	-41.0007
499.898	2.40675	-38.0007
499.921	2.04174	-35.0006
499.939	1.70672	-32.0005
499.955	1.40171	-29.0005
499.967	1.1267	-26.0004
499.977	0.881692	-23.0003
499.985	0.666684	-20.0003
499.991	0.481678	-17.0002
499.995	0.326673	-14.0001
499.998	0.201669	-11.0001
499.999	0.106666	-7.99999
500	0.0416654	-4.99992
500	0.0066657	-1.99986
