2.66667e-005
0.000213333
0.00072
0.00170667
0.00333333
0.00576
0.00914666
0.0136533
0.01944
0.0266667
0.0354933
0.04608
0.0585866
0.0731733
0.09
0.109227
0.131013
0.15552
0.182907
0.213333
0.24696
0.283947
0.324453
0.36864
0.416667
0.468667
0.524667
0.584667
0.648667
0.716667
0.788666
0.864666
0.944666
1.02867
1.11667
1.20867
1.30467
1.40467
1.50867
1.61667
1.72867
1.84467
1.96466
2.08866
2.21666
2.34866
2.48466
2.62466
2.76866
2.91666
3.06864
3.22445
3.38394
3.54696
3.71333
3.8829
4.05552
4.23101
4.40922
4.58999
4.77317
4.95858
5.14607
5.33549
5.52666
5.71943
5.91365
6.10914
6.30575
6.50333
6.7017
6.90071
7.10021
7.30002
7.49999
7.69999
7.89999
8.09999
8.29999
8.49999
8.69999
8.89999
9.09999
9.29999
9.49999
9.69999
9.89999
10.1
10.3
10.5
10.7
10.9
11.1
11.3
11.5
11.7
11.9
12.1
12.3
12.5
12.7
12.9
13.1
13.3
13.5
13.7
13.9
14.1
14.3
14.5
14.7
14.9
15.1
15.3
15.5
15.7
15.9
16.1
16.3
16.5
16.7
16.9
17.1
17.3
17.5
17.7
17.9
18.1
18.3
18.5
18.7
18.9
19.1
19.3
19.5
19.7
19.9
20.1
20.3
20.5
20.7
20.9
21.1
21.3
21.5
21.7
21.9
22.1
22.3
22.5
22.7
22.9
23.1
23.3
23.5
23.7
23.9
24.1
24.3
24.5
24.7
24.9
25.1
25.3
25.5
25.7
25.9
26.1
26.3
26.5
26.7
26.9
27.1
27.3
27.5
27.7
27.9
28.1
28.3
28.5
28.7
28.9
29.1
29.3
29.5
29.7
29.9
30.1
30.3
30.5
30.7
30.9
31.1
31.3
31.5
31.7
31.9
32.1
32.3
32.5
32.7
32.9
33.1
33.3
33.5
33.7
33.9
34.1
34.3
34.5
34.7
34.9
35.1
35.3
35.5
35.7
35.9
36.1
36.3
36.5
36.7
36.9
37.1
37.3
37.5
37.7
37.9
38.1
38.3
38.5
38.7
38.9
39.1
39.3
39.5
39.7
39.9
40.1
40.3
40.5
40.7
40.9
41.1
41.3
41.5
41.7
41.9
42.1
42.3
42.5
42.6999
42.8997
43.0992
43.2982
43.4966
43.6942
43.8908
44.0863
44.2805
44.4733
44.6645
44.8539
45.0414
45.2268
45.41
45.5907
45.7689
45.9444
46.117
46.2866
46.453
46.616
46.7755
46.9313
47.0833
47.2313
47.3753
47.5153
47.6513
47.7833
47.9113
48.0353
48.1553
48.2713
48.3833
48.4913
48.5953
48.6953
48.7913
48.8833
48.9713
49.0553
49.1353
49.2113
49.2833
49.3513
49.4153
49.4753
49.5313
49.5833
49.6313
49.6755
49.716
49.753
49.7866
49.8171
49.8445
49.869
49.8907
49.91
49.9268
49.9414
49.9539
49.9645
49.9733
49.9805
49.9863
49.9908
49.9942
49.9966
49.9983
49.9993
49.9998
50
50
50
